Algorithm: Alternate Time Optimal Sort (Multi-threaded)
Number of nodes: 50
Total time: 0.0880 seconds
Total comparisons: 817
Total exchanges: 1084
Total messages sent: 0
Correctly sorted: True

Initial values:
[928, 741, 703, 806, 785, 902, 927, 155, 267, 691, 651, 870, 927, 104, 894, 336, 587, 928, 174, 28, 422, 417, 77, 106, 129, 327, 486, 973, 595, 461, 422, 214, 205, 325, 641, 931, 698, 344, 337, 438, 95, 643, 531, 825, 862, 504, 415, 84, 212, 587]

Final values:
[28, 77, 84, 95, 104, 106, 129, 155, 174, 205, 212, 214, 267, 325, 327, 336, 337, 344, 415, 417, 422, 422, 438, 461, 486, 504, 531, 587, 587, 595, 641, 643, 651, 691, 698, 703, 741, 785, 806, 825, 862, 870, 894, 902, 927, 927, 928, 928, 931, 973]
