Algorithm: Odd-Even Transposition Sort
Number of nodes: 50
Total time: 0.0076 seconds
Total comparisons: 2450
Total exchanges: 2824
Total messages sent: 9800
Correctly sorted: True

Initial values:
[1855, 1481, 1406, 1612, 1570, 1803, 1853, 310, 533, 1381, 1302, 1740, 1854, 208, 1787, 671, 1174, 1855, 347, 56, 843, 834, 154, 212, 257, 654, 972, 1946, 1190, 921, 844, 428, 410, 650, 1281, 1861, 1396, 688, 674, 876, 190, 1286, 1061, 1650, 1724, 1008, 830, 167, 423, 1174]

Final values:
[56, 154, 167, 190, 208, 212, 257, 310, 347, 410, 423, 428, 533, 650, 654, 671, 674, 688, 830, 834, 843, 844, 876, 921, 972, 1008, 1061, 1174, 1174, 1190, 1281, 1286, 1302, 1381, 1396, 1406, 1481, 1570, 1612, 1650, 1724, 1740, 1787, 1803, 1853, 1854, 1855, 1855, 1861, 1946]
